******************************
MPR
F2V:0.188049925747
CBOW:0.25464805168
SG:0.122780775395
******************************
MRR
F2V:0.034763373617
CBOW:0.0250805403566
SG:0.0958631257887
******************************
MDNR
F2V:12889.0
CBOW:20846.0
SG:310.0
******************************
Top1Precision
F2V:0.0223593403995
CBOW:0.0103411949347
SG:0.056048846559
